bug
61 184
71 601
317 754
263 254
485 65
663 412
639 616
859 524
909 124
1171 65
1254 66
exception
14 409
45 814
401 430
380 70
505 260
839 67
866 300
751 805
1213 67
1263 508
1083 717
beer
78 295
100 702
201 401
335 186
249 75
555 81
754 202
420 816
703 779
770 568
949 376
1194 738
1146 441
1210 160
1303 71
redbull
99 503
211 722
519 471
401 240
638 722
863 240
189 220
1101 639
1125 855
1304 511
1124 66
exam
1196 6
cpu
423 9
ram
5 859
hdd
771 859
book
931 40
rsharper
1095 315
skulls
987 140
1080 224
1314 226
1103 590
bush2
360 845
766 43
1282 226
tree
165 3
214 1
263 0
310 2
90 17
125 42
158 80
116 110
141 144
120 187
102 237
137 256
114 300
147 339
114 371
153 404
209 429
254 444
275 492
219 498
174 494
126 508
163 544
128 577
254 552
202 569
165 613
212 631
217 652
564 4
612 1
663 2
713 0
591 59
642 64
698 65
618 130
670 125
719 126
646 188
699 184
613 220
632 283
673 243
739 508
559 711
518 728
478 760
452 816
502 813
539 790
651 754
623 810
673 811
965 0
1065 2
1010 38
962 74
980 167
1059 146
1025 193
991 242
1056 248
1023 297
975 320
1007 363
1055 337
1095 388
1052 414
1005 440
963 479
1002 511
1053 488
1054 558
1008 589
1174 769
1219 750
1256 742
1206 818
1251 818
1291 775
double-bush
125 3
87 85
116 444
125 482
372 262
166 690
585 185
736 59
714 297
601 747
574 780
567 848
1011 2
1008 118
967 407
954 558
1098 459
1093 476
1156 853
bush
82 0
193 63
286 65
168 467
136 725
174 727
252 621
303 555
564 160
582 131
517 501
378 858
414 858
590 821
674 316
720 253
745 92
929 4
1056 71
1065 106
1016 156
970 442
1100 520
1096 557
971 591
1051 633
1148 823
1301 737
1298 857
large-rock
107 737
352 865
594 217
719 333
719 820
971 747
rocks
304 584
1318 256
stump
136 755
492 492
662 351
938 744
big-rock
386 4
762 15
694 349
1103 362
1288 253